('u', [0.01, 0.01, 0.01, 0.01, 0.01, 0.01, 0.01, 0.01, 0.01, 0.01, 0.01, 0.01, 0.01, 0.01, 0.01, 0.01, 0.01, 0.01, 0.01, 0.01, 0.01, 0.01, 0.01, 0.01, 0.01, 0.01, 0.01, 0.01, 0.01, 0.01, 0.01, 0.01, 0.01, 0.01, 0.01, 0.01, 0.01, 0.01, 0.01, 0.01, 0.01, 0.01, 0.01, 0.01, 0.01, 0.01, 0.01, 0.01, 0.01, 0.01, 0.01, 0.01, 0.01, 0.01, 0.01, 0.01, 0.01, 0.01, 0.01, 0.01, 0.01, 0.01, 0.01, 0.01, 0.01, 0.01, 0.01, 0.01, 0.01, 0.01, 0.01, 0.01, 0.01, 0.01, 0.01, 0.01, 0.01, 0.01, 0.01, 0.01, 0.01, 0.01, 0.01, 0.01, 0.01, 0.01, 0.01, 0.01, 0.01, 0.01, 0.01, 0.01, 0.01, 0.01, 0.01, 0.01, 0.01, 0.01, 0.01, 0.01])
('===========%d==========', 0)
[[0, 0.75722199999999995], 1, 0.3000000000000001]
[[0, 0.75722199999999995], 1, 0.3000000000000001]
[[0, 0.75722199999999995], 1, 0.3000000000000001]
[[0, 0.75722199999999995], 1, 0.3000000000000001]
[[0, 0.75722199999999995], 1, 0.3000000000000001]
[[0, 0.75722199999999995], 1, 0.3000000000000001]
[[0, 0.75722199999999995], 1, 0.3000000000000001]
[[0, 0.75722199999999995], 1, 0.3000000000000001]
[[0, 0.64514099999999996], 1, 0.24000000000000007]
[[0, 0.64514099999999996], 1, 0.24000000000000007]
[[0, 0.64514099999999996], 1, 0.24000000000000007]
[[0, 0.64514099999999996], 1, 0.24000000000000007]
[[0, 0.64514099999999996], 1, 0.24000000000000007]
[[0, 0.64514099999999996], 1, 0.24000000000000007]
[[0, 0.64514099999999996], 1, 0.24000000000000007]
[[0, 0.64514099999999996], 1, 0.24000000000000007]
[[0, 0.64514099999999996], 1, 0.24000000000000007]
[[0, 0.64514099999999996], 1, 0.24000000000000007]
[[0, 0.64514099999999996], 1, 0.24000000000000007]
[[0, 0.64514099999999996], 1, 0.24000000000000007]
[[0, 0.64514099999999996], 1, 0.24000000000000007]
[[0, 0.64514099999999996], 1, 0.24000000000000007]
[[0, 0.64514099999999996], 1, 0.24000000000000007]
[[0, 0.64514099999999996], 1, 0.24000000000000007]
[[0, 0.64514099999999996], 1, 0.24000000000000007]
[[0, 0.64514099999999996], 1, 0.24000000000000007]
[[0, 0.64514099999999996], 1, 0.24000000000000007]
[[0, 0.64514099999999996], 1, 0.24000000000000007]
[[0, 0.64514099999999996], 1, 0.24000000000000007]
[[0, 0.64514099999999996], 1, 0.24000000000000007]
[[0, 0.64514099999999996], 1, 0.24000000000000007]
[[0, 0.64514099999999996], 1, 0.24000000000000007]
[[0, 0.64514099999999996], 1, 0.24000000000000007]
[[0, 0.64514099999999996], 1, 0.24000000000000007]
[[0, 0.64514099999999996], 1, 0.24000000000000007]
[[0, 0.64514099999999996], 1, 0.24000000000000007]
[[0, 0.64514099999999996], 1, 0.24000000000000007]
[[0, 0.64514099999999996], 1, 0.24000000000000007]
[[0, 0.64514099999999996], 1, 0.24000000000000007]
[[0, 0.64514099999999996], 1, 0.24000000000000007]
[[0, 0.64514099999999996], 1, 0.24000000000000007]
[[0, 0.64514099999999996], 1, 0.24000000000000007]
[[0, 0.64514099999999996], 1, 0.24000000000000007]
[[0, 0.64514099999999996], 1, 0.24000000000000007]
[[0, 0.64514099999999996], 1, 0.24000000000000007]
[[0, 0.64514099999999996], 1, 0.24000000000000007]
[[0, 0.64514099999999996], 1, 0.24000000000000007]
[[0, 0.64514099999999996], 1, 0.24000000000000007]
[[0, 0.64514099999999996], 1, 0.24000000000000007]
[[0, 0.64514099999999996], 1, 0.24000000000000007]
[[0, 0.64514099999999996], 1, 0.24000000000000007]
[[0, 0.64514099999999996], 1, 0.24000000000000007]
[[0, 0.64514099999999996], 1, 0.24000000000000007]
[[0, 0.64514099999999996], 1, 0.24000000000000007]
[[0, 0.64514099999999996], 1, 0.24000000000000007]
[[0, 0.64514099999999996], 1, 0.24000000000000007]
[[0, 0.64514099999999996], 1, 0.24000000000000007]
[[0, 0.64514099999999996], 1, 0.24000000000000007]
[[0, 0.64514099999999996], 1, 0.24000000000000007]
[[0, 0.64514099999999996], 1, 0.24000000000000007]
[[0, 0.64514099999999996], 1, 0.24000000000000007]
[[0, 0.64514099999999996], 1, 0.24000000000000007]
[[0, 0.64514099999999996], 1, 0.24000000000000007]
[[0, 0.64514099999999996], 1, 0.24000000000000007]
[[0, 0.64514099999999996], 1, 0.24000000000000007]
[[0, 0.64514099999999996], 1, 0.24000000000000007]
[[0, 0.64514099999999996], 1, 0.24000000000000007]
[[0, 0.64514099999999996], 1, 0.24000000000000007]
[[0, 0.64514099999999996], 1, 0.24000000000000007]
[[0, 0.64514099999999996], 1, 0.24000000000000007]
[[0, 0.64514099999999996], 1, 0.24000000000000007]
[[0, 0.64514099999999996], 1, 0.24000000000000007]
[[0, 0.64514099999999996], 1, 0.24000000000000007]
[[0, 0.64514099999999996], 1, 0.24000000000000007]
[[0, 0.64514099999999996], 1, 0.24000000000000007]
[[0, 0.64514099999999996], 1, 0.24000000000000007]
[[0, 0.64514099999999996], 1, 0.24000000000000007]
[[0, 0.64514099999999996], 1, 0.24000000000000007]
[[0, 0.64514099999999996], 1, 0.24000000000000007]
[[0, 0.64514099999999996], 1, 0.24000000000000007]
[[0, 0.64514099999999996], 1, 0.24000000000000007]
[[0, 0.64514099999999996], 1, 0.24000000000000007]
[[0, 0.64514099999999996], 1, 0.24000000000000007]
[[0, 0.64514099999999996], 1, 0.24000000000000007]
[[0, 0.64514099999999996], 1, 0.24000000000000007]
[[0, 0.64514099999999996], 1, 0.24000000000000007]
[[0, 0.64514099999999996], 1, 0.24000000000000007]
[[0, 0.64514099999999996], 1, 0.24000000000000007]
[[0, 0.64514099999999996], 1, 0.24000000000000007]
[[0, 0.64514099999999996], 1, 0.24000000000000007]
[[0, 0.64514099999999996], 1, 0.24000000000000007]
[[0, 0.64514099999999996], 1, 0.24000000000000007]
[[0, 0.64514099999999996], 1, 0.24000000000000007]
[[0, 0.64514099999999996], 1, 0.24000000000000007]
[[0, 0.64514099999999996], 1, 0.24000000000000007]
[[0, 0.64514099999999996], 1, 0.24000000000000007]
[[0, 0.64514099999999996], 1, 0.24000000000000007]
[[0, 0.64514099999999996], 1, 0.24000000000000007]
[[0, 0.64514099999999996], 1, 0.24000000000000007]
[[0, 0.64514099999999996], 1, 0.24000000000000007]
[[0, 0.64514099999999996], 1, 0.24000000000000007]
[[0, 0.64514099999999996], 1, 0.24000000000000007]
[[0, 0.64514099999999996], 1, 0.24000000000000007]
[[0, 0.64514099999999996], 1, 0.24000000000000007]
[[0, 0.64514099999999996], 1, 0.24000000000000007]
[[0, 0.64514099999999996], 1, 0.24000000000000007]
[[0, 0.64514099999999996], 1, 0.24000000000000007]
[[0, 0.64514099999999996], 1, 0.24000000000000007]
[[0, 0.64514099999999996], 1, 0.24000000000000007]
[[0, 0.64514099999999996], 1, 0.24000000000000007]
[[0, 0.64514099999999996], 1, 0.24000000000000007]
[[0, 0.64514099999999996], 1, 0.24000000000000007]
[[0, 0.64514099999999996], 1, 0.24000000000000007]
[[0, 0.64514099999999996], 1, 0.24000000000000007]
[[0, 0.64514099999999996], 1, 0.24000000000000007]
[[0, 0.64514099999999996], 1, 0.24000000000000007]
[[0, 0.64514099999999996], 1, 0.24000000000000007]
[[0, 0.64514099999999996], 1, 0.24000000000000007]
[[0, 0.64514099999999996], 1, 0.24000000000000007]
[[0, 0.64514099999999996], 1, 0.24000000000000007]
[[0, 0.64514099999999996], 1, 0.24000000000000007]
[[0, 0.64514099999999996], 1, 0.24000000000000007]
[[0, 0.64514099999999996], 1, 0.24000000000000007]
[[0, 0.64514099999999996], 1, 0.24000000000000007]
[[0, 0.64514099999999996], 1, 0.24000000000000007]
[[0, 0.64514099999999996], 1, 0.24000000000000007]
[[0, 0.64514099999999996], 1, 0.24000000000000007]
[[0, 0.64514099999999996], 1, 0.24000000000000007]
[[0, 0.64514099999999996], 1, 0.24000000000000007]
[[0, 0.64514099999999996], 1, 0.24000000000000007]
[[0, 0.64514099999999996], 1, 0.24000000000000007]
[[0, 0.64514099999999996], 1, 0.24000000000000007]
[[0, 0.64514099999999996], 1, 0.24000000000000007]
[[0, 0.64514099999999996], 1, 0.24000000000000007]
[[0, 0.64514099999999996], 1, 0.24000000000000007]
[[0, 0.64514099999999996], 1, 0.24000000000000007]
[[0, 0.64514099999999996], 1, 0.24000000000000007]
[[0, 0.64514099999999996], 1, 0.24000000000000007]
[[0, 0.64514099999999996], 1, 0.24000000000000007]
[[0, 0.64514099999999996], 1, 0.24000000000000007]
[[0, 0.64514099999999996], 1, 0.24000000000000007]
[[0, 0.64514099999999996], 1, 0.24000000000000007]
[[0, 0.64514099999999996], 1, 0.24000000000000007]
[[0, 0.64514099999999996], 1, 0.24000000000000007]
[[0, 0.64514099999999996], 1, 0.24000000000000007]
[[0, 0.64514099999999996], 1, 0.24000000000000007]
[[0, 0.64514099999999996], 1, 0.24000000000000007]
[[0, 0.64514099999999996], 1, 0.24000000000000007]
[[0, 0.64514099999999996], 1, 0.24000000000000007]
[[0, 0.64514099999999996], 1, 0.24000000000000007]
[[0, 0.64514099999999996], 1, 0.24000000000000007]
[[0, 0.64514099999999996], 1, 0.24000000000000007]
[[0, 0.64514099999999996], 1, 0.24000000000000007]
[[0, 0.64514099999999996], 1, 0.24000000000000007]
[[0, 0.64514099999999996], 1, 0.24000000000000007]
[[0, 0.64514099999999996], 1, 0.24000000000000007]
[[0, 0.64514099999999996], 1, 0.24000000000000007]
[[0, 0.64514099999999996], 1, 0.24000000000000007]
[[0, 0.64514099999999996], 1, 0.24000000000000007]
[[0, 0.64514099999999996], 1, 0.24000000000000007]
[[0, 0.64514099999999996], 1, 0.24000000000000007]
[[0, 0.64514099999999996], 1, 0.24000000000000007]
[[0, 0.64514099999999996], 1, 0.24000000000000007]
[[0, 0.64514099999999996], 1, 0.24000000000000007]
[[0, 0.64514099999999996], 1, 0.24000000000000007]
[[0, 0.64514099999999996], 1, 0.24000000000000007]
[[0, 0.64514099999999996], 1, 0.24000000000000007]
[[0, 0.64514099999999996], 1, 0.24000000000000007]
[[0, 0.64514099999999996], 1, 0.24000000000000007]
[[0, 0.64514099999999996], 1, 0.24000000000000007]
[[0, 0.64514099999999996], 1, 0.24000000000000007]
[[0, 0.64514099999999996], 1, 0.24000000000000007]
[[0, 0.64514099999999996], 1, 0.24000000000000007]
[[0, 0.64514099999999996], 1, 0.24000000000000007]
[[0, 0.64514099999999996], 1, 0.24000000000000007]
[[0, 0.64514099999999996], 1, 0.24000000000000007]
[[0, 0.64514099999999996], 1, 0.24000000000000007]
[[0, 0.64514099999999996], 1, 0.24000000000000007]
[[0, 0.64514099999999996], 1, 0.24000000000000007]
[[0, 0.64514099999999996], 1, 0.24000000000000007]
[[0, 0.64514099999999996], 1, 0.24000000000000007]
[[0, 0.64514099999999996], 1, 0.24000000000000007]
[[0, 0.64514099999999996], 1, 0.24000000000000007]
[[0, 0.64514099999999996], 1, 0.24000000000000007]
[[0, 0.64514099999999996], 1, 0.24000000000000007]
[[0, 0.64514099999999996], 1, 0.24000000000000007]
[[0, 0.64514099999999996], 1, 0.24000000000000007]
[[0, 0.64514099999999996], 1, 0.24000000000000007]
[[0, 0.64514099999999996], 1, 0.24000000000000007]
[[0, 0.64514099999999996], 1, 0.24000000000000007]
[[0, 0.64514099999999996], 1, 0.24000000000000007]
[[0, 0.64514099999999996], 1, 0.24000000000000007]
[[0, 0.64514099999999996], 1, 0.24000000000000007]
[[0, 0.64514099999999996], 1, 0.24000000000000007]
[[0, 0.64514099999999996], 1, 0.24000000000000007]
[[0, 0.64514099999999996], 1, 0.24000000000000007]
[[0, 0.64514099999999996], 1, 0.24000000000000007]
[[0, 0.64514099999999996], 1, 0.24000000000000007]
[[0, 0.64514099999999996], 1, 0.24000000000000007]
[[0, 0.64514099999999996], 1, 0.24000000000000007]
1.0
[0.0]
[[[0, 0.64514099999999996], 1, 0.24000000000000007]]
